100
3 3
2 1 2
1 1 1
2 1 2
5 5
2 2 2 2 2
2 1 1 1 2
2 1 2 1 2
2 1 1 1 2
2 2 2 2 2
2 10
2 1 2 2 2 2 1 1 2 1
2 2 2 2 2 1 2 2 2 2
6 5
1 2 2 2 2
2 2 2 2 1
2 1 2 2 2
2 2 1 2 2
2 2 2 2 1
2 2 2 2 2
9 3
1 1 1
1 2 1
1 1 1
2 1 1
2 2 1
2 2 1
2 1 2
1 2 1
2 2 2
5 2
1 1
1 1
1 1
1 1
1 1
6 4
2 2 2 2
1 1 2 2
1 2 1 2
1 2 2 2
2 2 2 2
2 2 1 2
6 1
1
1
2
1
1
2
1 6
2 1 2 1 1 2
2 2
2 2
2 2
6 2
2 2
2 2
2 1
2 2
2 2
2 2
4 4
1 2 1 2
1 2 1 2
1 1 1 1
1 2 1 2
8 2
1 2
2 2
2 2
2 2
2 2
2 1
2 1
2 1
10 3
1 1 2
1 1 2
1 1 1
1 1 1
1 1 1
1 1 1
1 1 1
1 1 2
1 1 2
1 1 2
10 10
2 2 1 2 2 2 1 2 2 2
2 2 1 2 1 1 1 2 1 1
2 1 2 2 2 2 2 1 1 2
1 1 1 2 2 1 2 1 2 2
1 1 1 2 2 1 2 1 1 2
1 1 1 2 2 1 2 2 2 1
2 2 1 2 2 1 2 1 2 1
2 1 1 2 1 1 1 1 2 1
2 1 1 2 1 1 1 2 2 2
1 2 1 1 2 1 1 1 2 1
10 8
1 1 1 1 1 1 1 1
1 1 2 1 2 1 2 2
1 1 2 1 2 1 2 2
1 1 1 1 1 1 1 1
1 1 2 1 2 1 2 2
1 1 2 1 2 1 2 2
1 1 2 1 2 1 2 2
1 1 1 1 1 1 1 1
1 1 1 1 1 1 1 1
1 1 1 1 1 1 1 1
5 2
2 2
2 2
1 2
2 1
2 2
3 9
2 2 2 2 2 2 2 2 2
2 2 2 2 2 2 2 2 2
2 2 2 1 2 2 2 2 2
5 9
2 2 2 1 2 1 1 1 2
2 1 1 2 1 1 1 2 1
1 2 1 1 2 2 2 1 1
2 2 1 1 1 2 1 2 2
2 2 1 2 2 1 2 1 2
10 10
1 1 1 1 1 1 1 1 1 1
1 1 1 1 1 1 1 1 1 1
1 1 1 1 1 1 1 1 1 2
1 1 1 1 1 1 1 1 1 1
1 1 1 1 1 1 1 1 1 1
1 1 1 1 1 1 1 1 1 1
1 1 1 1 1 1 1 1 1 1
1 1 1 1 1 1 1 1 1 1
1 1 1 1 1 1 1 1 1 1
1 1 1 1 1 1 1 1 1 1
2 8
1 1 2 1 1 1 2 2
1 1 2 1 1 2 2 2
9 5
2 2 2 2 2
2 2 2 2 2
2 2 2 2 2
2 2 2 2 2
2 2 2 2 2
1 2 2 2 2
2 2 2 2 2
2 2 2 2 2
2 2 2 2 2
9 9
2 2 2 2 2 2 2 2 2
2 2 2 2 2 2 2 2 2
2 2 2 2 2 2 2 2 2
2 2 2 2 2 2 2 2 2
2 2 2 2 2 2 2 2 2
2 1 2 2 2 2 2 2 2
2 2 2 2 2 2 2 2 2
2 2 2 2 2 2 2 2 2
2 2 2 2 2 2 2 2 2
5 6
2 2 1 1 1 2
2 1 2 2 1 1
2 2 2 1 1 1
1 2 1 1 1 2
1 2 1 1 1 2
4 9
2 2 2 2 2 2 2 2 2
2 2 2 2 2 2 2 2 2
2 2 2 2 2 2 2 2 2
2 2 2 2 2 2 2 2 1
8 10
1 2 2 1 2 1 1 1 2 2
2 1 1 1 1 1 2 2 2 1
2 2 2 1 1 1 2 2 2 2
1 1 2 2 2 2 2 1 2 1
1 1 2 1 2 1 1 2 2 2
2 1 1 2 1 2 2 2 2 2
1 2 1 2 2 1 2 1 2 1
1 2 1 1 1 1 1 1 1 2
6 2
1 1
1 2
1 1
1 1
1 2
1 1
10 10
2 2 2 2 2 2 2 2 2 2
2 2 2 2 2 2 2 2 2 2
2 2 2 2 2 2 2 2 2 2
2 2 2 2 2 2 2 2 2 2
2 2 2 2 2 2 2 2 2 2
2 2 2 2 2 2 2 2 1 2
2 2 2 2 2 2 2 2 2 2
2 2 2 2 2 2 2 2 2 2
1 2 2 2 2 2 2 2 2 2
2 2 2 2 2 2 2 2 2 2
1 2
2 1
2 1
1
1
10 3
1 1 2
2 2 1
2 2 2
2 2 1
1 2 1
2 2 2
2 2 2
2 1 2
2 2 2
2 2 2
4 9
1 1 1 1 1 1 1 1 1
1 1 1 1 1 1 1 1 1
2 1 1 2 2 2 2 1 1
2 1 1 2 2 2 2 1 1
2 2
2 2
2 1
2 2
1 1
1 2
6 2
1 1
2 2
1 1
2 2
2 2
1 1
10 10
1 1 1 1 1 1 1 1 1 1
1 1 1 1 1 1 1 1 1 1
1 1 1 1 1 1 1 1 1 1
1 1 1 1 1 1 1 1 1 1
1 1 1 1 1 1 1 1 1 1
1 1 1 1 1 1 1 1 1 1
1 1 1 1 1 1 1 1 1 1
1 1 1 1 1 1 1 1 1 1
1 1 1 1 1 1 1 1 1 1
1 1 1 1 1 1 1 1 1 1
1 2
1 1
4 4
2 2 2 2
2 2 2 2
2 2 2 1
2 2 2 2
4 9
1 1 2 1 2 2 1 2 1
1 1 2 1 2 2 1 2 1
1 1 2 1 2 2 1 2 1
1 1 1 1 1 1 1 1 1
9 4
1 2 1 2
2 1 1 1
2 2 2 2
2 1 1 2
1 2 1 1
2 2 1 2
1 1 1 1
1 2 2 2
1 1 1 2
3 9
2 2 1 1 1 1 1 1 1
1 1 1 1 1 1 1 1 1
1 1 1 1 1 1 1 1 1
2 5
1 2 2 1 1
1 2 1 2 2
3 9
2 2 2 2 2 2 2 2 2
2 1 2 2 2 2 2 1 2
2 2 2 2 2 2 1 2 2
10 10
1 1 1 1 2 2 2 2 2 1
1 2 2 1 2 2 1 2 2 2
2 1 2 2 2 1 2 1 2 1
2 2 1 2 1 2 1 1 1 2
1 1 1 2 1 2 2 2 1 2
2 2 2 1 2 2 1 1 1 1
1 1 1 2 2 1 1 1 2 1
1 2 1 2 1 2 1 1 1 1
2 1 2 1 1 2 1 1 1 1
1 2 2 1 2 2 2 1 1 1
10 3
2 2 2
2 2 2
2 2 2
2 2 2
2 2 2
2 2 2
2 2 2
2 2 2
2 2 2
2 2 1
6 1
1
1
1
1
1
1
10 10
2 2 1 2 2 2 2 1 2 2
2 2 2 2 2 2 2 2 2 2
2 2 2 2 2 2 2 1 2 2
1 2 2 2 2 2 2 2 2 2
2 2 2 2 2 2 1 2 2 2
2 2 2 2 1 2 2 2 2 2
2 2 2 2 2 2 2 2 2 2
2 2 2 2 2 2 2 1 2 2
2 2 1 2 2 2 1 2 2 2
2 2 1 2 2 2 2 2 2 2
2 1
2
2
5 2
2 2
2 2
2 2
1 2
1 1
10 10
1 1 1 1 1 1 1 1 1 1
1 1 1 1 1 1 1 1 1 1
1 1 1 1 1 1 1 1 1 1
1 1 1 1 1 1 1 1 1 1
1 1 1 1 1 1 1 2 1 1
1 1 1 1 1 1 1 1 1 1
1 1 1 2 1 1 1 1 1 1
1 1 1 1 1 1 1 1 1 1
1 1 1 1 1 1 1 1 1 1
1 1 1 1 1 1 1 1 1 1
10 2
1 1
2 2
2 2
2 2
2 2
2 2
2 2
1 1
1 1
2 2
4 6
1 2 1 2 2 1
1 2 2 1 2 1
1 1 1 2 2 1
2 2 1 1 1 1
10 10
1 1 1 1 1 1 1 1 1 1
1 1 1 1 1 1 1 1 1 1
1 1 1 1 1 1 1 1 1 1
2 1 1 1 2 2 2 1 2 2
2 1 1 1 2 2 2 1 2 2
1 1 1 1 1 1 1 1 1 1
1 1 1 1 1 1 1 1 1 1
2 1 1 1 2 2 2 1 2 2
1 1 1 1 1 1 1 1 1 1
1 1 1 1 1 1 1 1 1 1
4 5
1 1 1 1 1
2 2 2 1 1
2 2 2 1 1
2 2 2 1 1
1 6
2 2 2 2 2 2
3 10
1 2 2 2 1 1 1 2 1 2
2 2 1 1 2 2 2 2 2 2
1 2 1 1 1 2 2 2 1 1
6 5
2 2 2 2 2
2 2 2 2 2
2 2 2 2 2
2 2 2 2 2
2 2 2 1 2
2 2 2 2 2
4 5
2 2 2 2 2
2 2 2 2 1
2 2 2 2 2
2 2 2 2 2
10 10
2 2 2 2 2 2 2 2 2 2
2 2 2 2 2 2 2 2 2 2
2 2 2 2 2 2 2 2 2 2
2 2 2 2 2 2 2 2 2 2
2 2 2 2 2 2 2 2 2 2
2 2 2 2 2 2 2 2 2 2
2 2 2 2 2 2 2 2 2 2
2 2 2 2 2 2 2 2 2 2
2 2 2 2 2 1 2 2 2 2
2 2 2 2 2 2 2 1 2 2
10 10
1 1 1 1 1 1 1 1 1 1
1 1 1 1 1 1 1 1 1 1
1 1 1 1 1 1 1 1 1 1
1 1 1 1 1 2 1 1 1 1
1 1 1 1 1 1 1 1 1 1
1 1 1 1 1 1 1 1 1 1
1 1 1 1 1 1 1 1 1 1
1 1 1 1 1 1 1 1 1 1
1 1 1 1 1 1 1 1 1 1
1 1 1 1 1 1 1 1 1 1
6 4
2 2 2 2
2 2 2 2
2 2 2 2
2 1 2 2
2 2 2 2
2 2 2 2
8 2
2 2
2 2
2 2
2 2
2 2
2 1
2 2
2 2
4 4
2 2 2 1
2 2 1 1
1 1 1 1
1 1 1 2
5 4
1 2 1 1
2 1 1 1
2 1 1 2
1 1 1 2
1 2 1 2
10 2
2 2
2 2
2 2
2 1
2 2
2 2
2 2
2 2
2 2
2 2
7 1
1
2
1
2
2
2
1
2 2
2 2
1 2
4 9
2 2 2 2 1 2 2 2 2
2 2 2 2 2 2 2 2 2
2 2 2 2 2 2 2 2 2
2 2 2 2 2 2 2 2 2
10 8
1 1 1 1 2 2 1 1
1 1 2 2 1 1 1 1
1 1 2 1 2 1 1 1
2 2 2 1 1 2 1 2
1 1 2 1 2 2 1 2
2 2 1 1 1 1 1 1
1 1 1 2 1 1 2 2
1 2 2 1 1 1 2 1
1 1 2 2 2 2 2 2
2 1 1 1 1 2 2 2
4 9
1 2 1 2 1 1 1 2 2
1 2 2 2 2 2 2 1 2
2 2 2 2 1 2 2 2 2
1 2 2 2 2 1 1 2 2
6 4
2 2 2 1
1 1 1 1
2 2 2 1
1 1 1 1
2 2 2 1
1 1 1 1
9 9
1 2 2 1 1 1 1 2 1
2 2 2 1 2 2 2 2 1
2 2 1 2 1 1 1 1 1
1 2 2 1 2 2 1 1 1
1 2 2 1 1 1 2 2 1
1 1 1 1 2 2 1 2 2
1 1 1 2 1 1 2 1 2
1 1 1 2 2 2 1 1 1
2 2 2 1 1 1 2 2 2
9 5
2 1 1 1 2
1 1 1 1 1
1 1 1 1 1
1 1 1 1 1
2 1 1 1 2
1 1 1 1 1
1 1 1 1 1
1 1 1 1 1
1 1 1 1 1
2 6
1 1 1 2 2 2
1 1 2 1 1 1
10 10
1 1 1 1 1 1 1 1 1 1
1 1 1 1 1 1 1 1 1 1
2 1 1 2 2 2 2 2 1 2
2 1 1 2 2 2 2 2 1 2
2 1 1 2 2 2 2 2 1 2
1 1 1 1 1 1 1 1 1 1
2 1 1 2 2 2 2 2 1 2
1 1 1 1 1 1 1 1 1 1
1 1 1 1 1 1 1 1 1 1
2 1 1 2 2 2 2 2 1 2
1 1
2
1 7
2 2 1 2 2 2 1
6 2
2 2
2 2
2 1
2 2
2 2
2 2
6 2
2 1
2 2
2 2
2 2
2 2
2 2
10 10
1 1 1 1 1 2 2 1 1 1
1 1 1 1 1 1 1 1 1 1
1 1 1 1 1 2 2 1 1 1
1 1 1 1 1 2 2 1 1 1
1 1 1 1 1 2 2 1 1 1
1 1 1 1 1 2 2 1 1 1
1 1 1 1 1 2 2 1 1 1
1 1 1 1 1 2 2 1 1 1
1 1 1 1 1 2 2 1 1 1
1 1 1 1 1 1 2 1 1 1
4 5
2 2 2 1 2
1 2 2 1 2
1 1 2 1 2
2 2 2 2 1
6 2
2 2
2 2
1 2
2 2
2 2
2 2
4 9
2 2 2 2 1 2 1 2 1
2 2 2 2 1 2 2 1 2
2 2 1 2 1 2 2 1 2
2 2 1 1 2 1 2 1 1
10 10
2 2 2 2 1 2 2 2 2 2
2 2 2 2 2 2 2 2 2 2
2 2 2 2 2 2 2 2 2 2
2 2 2 2 2 2 2 2 2 2
2 2 2 2 2 2 2 2 2 2
2 2 2 2 2 2 2 2 2 2
2 2 2 2 2 2 2 2 2 2
2 2 2 2 2 2 2 2 2 2
2 2 2 2 2 2 2 2 2 2
2 2 2 2 2 2 2 2 2 2
8 2
1 2
1 2
1 1
1 1
1 2
1 1
1 1
1 2
9 9
1 1 2 1 1 1 1 2 1
1 1 2 2 2 2 2 2 1
1 1 2 2 1 2 2 1 1
2 1 2 1 1 2 1 1 1
1 2 1 1 2 2 2 2 1
2 1 1 1 1 1 1 2 1
2 1 2 2 2 2 1 1 2
1 2 2 2 2 1 1 1 1
1 2 1 2 2 1 1 1 2
10 8
2 1 1 1 2 1 1 2
1 1 1 1 1 1 1 1
2 1 1 1 2 1 1 2
2 1 1 1 2 1 1 2
1 1 1 1 1 1 1 1
1 1 1 1 1 1 1 1
2 1 1 1 2 1 1 2
1 1 1 1 1 1 1 1
2 1 1 1 2 1 1 2
2 1 1 1 1 1 1 2
9 9
1 1 1 1 1 1 1 1 1
1 1 1 1 1 1 1 1 1
1 1 1 1 1 1 1 1 1
1 1 1 1 1 1 1 1 1
1 1 1 1 1 1 1 1 1
1 2 1 1 1 2 1 1 2
1 1 1 1 1 1 1 1 1
1 2 1 1 1 2 1 1 2
1 1 1 1 1 1 1 1 1
10 10
2 2 2 2 1 2 1 1 2 1
1 2 2 2 2 1 1 2 1 2
1 2 2 1 2 1 2 1 2 2
1 2 2 1 2 2 1 2 1 2
2 1 2 2 1 1 1 2 2 2
1 2 2 2 1 2 2 2 1 2
2 1 1 1 2 2 2 2 1 2
1 2 2 2 2 2 1 2 2 1
2 2 2 2 2 2 2 2 2 1
1 2 1 2 1 2 2 1 2 2
1 1
1
10 2
2 1
2 2
2 2
2 1
2 2
1 2
1 2
1 2
2 2
2 1
2 6
1 1 1 1 2 2
1 2 2 2 1 1
10 10
2 2 2 2 2 2 2 2 2 2
2 2 2 2 2 2 2 2 2 2
2 2 2 2 2 2 2 2 2 2
2 2 2 2 2 2 2 2 2 2
2 2 2 2 2 2 2 1 2 2
2 2 2 2 2 2 2 2 2 2
2 2 2 2 2 2 2 2 2 2
2 2 2 2 2 2 2 2 2 2
2 2 2 2 2 2 2 2 2 2
2 2 2 2 2 2 2 2 2 2
10 10
2 1 1 2 1 2 1 1 2 1
2 1 1 2 1 2 1 1 2 1
1 1 1 1 1 1 1 1 1 1
2 1 1 2 1 2 1 1 2 1
1 1 1 1 1 1 1 1 1 1
1 1 1 1 1 1 1 1 1 1
1 1 1 1 1 1 1 1 1 1
2 1 1 2 1 2 1 1 2 1
2 1 1 2 1 2 1 1 2 1
2 1 1 2 1 2 1 1 2 1
6 5
1 1 1 2 2
1 1 1 1 1
1 1 1 2 2
1 1 1 2 2
1 1 1 2 2
1 1 1 1 1
4 4
2 2 2 2
2 2 2 2
1 2 2 2
2 2 2 2
10 10
1 1 1 1 1 1 1 1 1 1
1 1 1 1 1 1 1 1 1 1
1 1 1 1 1 2 1 1 1 1
1 1 1 1 1 1 1 1 1 1
1 1 1 1 1 1 1 1 1 1
1 1 1 1 1 1 1 1 1 1
1 1 1 1 1 1 1 1 1 1
1 1 1 1 1 1 1 1 1 1
1 1 1 1 1 1 1 1 1 1
1 1 1 2 1 1 1 1 1 1
10 10
2 2 2 2 2 2 2 2 2 2
2 2 2 2 2 2 2 2 2 2
2 2 2 2 2 2 2 2 2 2
2 2 2 2 2 2 2 2 2 2
2 2 2 2 2 2 2 2 2 2
2 2 2 2 2 2 1 2 2 2
2 2 2 2 2 2 2 2 2 2
2 2 2 2 2 2 2 2 2 2
2 2 2 2 2 2 2 2 2 2
2 2 2 2 2 2 2 2 2 2
9 4
1 2 2 2
1 1 2 1
1 2 1 1
2 1 1 1
2 2 2 2
2 2 2 1
2 1 2 1
1 1 1 1
1 2 1 2
9 5
1 1 2 2 2
1 2 2 2 1
1 1 2 1 2
2 1 1 1 1
1 1 1 2 2
1 1 1 1 2
2 2 1 1 2
1 1 1 2 2
2 1 1 1 1
